Camera Matrix RGB:
 [[1.85708449e+03 0.00000000e+00 1.91668383e+03]
 [0.00000000e+00 1.85672232e+03 1.08779528e+03]
 [0.00000000e+00 0.00000000e+00 1.00000000e+00]]
Camera Matrix Depth:
 [[500.2919115    0.         317.05348853]
 [  0.         500.51661536 315.41409133]
 [  0.           0.           1.        ]]
Stereo Camera Matrix 1:
 [[5.29314911e+03 0.00000000e+00 1.89627830e+03]
 [0.00000000e+00 6.46173417e+03 1.36902645e+03]
 [0.00000000e+00 0.00000000e+00 1.00000000e+00]]
Stereo Camera Matrix 2:
 [[3.22018215e+03 0.00000000e+00 2.07225663e+03]
 [0.00000000e+00 1.86989205e+03 9.35234419e+02]
 [0.00000000e+00 0.00000000e+00 1.00000000e+00]]
Rotation Matrix:
 [[ 0.98836709 -0.11807153  0.0958625 ]
 [ 0.10235664  0.98260841  0.15493173]
 [-0.11248832 -0.14331726  0.98326321]]
Translation Matrix:
 [[-1745.01176284]
 [ -874.07398244]
 [ 2041.0648809 ]]
