[ 0.88655912 -0.82227631 -0.72356669 -1.88778216  0.84411739  1.6972681  0.99713798]
[ 0.88655435 -0.82227629 -0.72356426 -1.88778224  0.84411943  1.69726684 0.99714143]
[ 1.27415396 -0.50807249 -0.23289235 -2.58521776  1.49477667  2.87681364 0.55068558]
[ 1.79902335 -0.72722861 -0.83958459 -2.8086349   0.74810135  3.11203966 0.77518914]
[ 1.5088783  -0.95299001 -0.76951278 -2.96644686  0.57815924  3.15699222 0.8639496 ]
[ 1.31368733 -1.1053987  -0.71480046 -2.95744799  0.53853095  3.07036341 0.86549477]
[ 1.26027019 -1.08817778 -0.69973745 -2.21458418  0.4022457   2.13144371 1.21991557]
[ 1.12862387 -1.16337295 -0.80395516 -2.06776891  0.3813182   2.05309484 1.41095561]
[ 1.40823145 -1.14736209 -0.87354065 -1.7647023   0.26396887  1.98059443 1.52037178]
[ 1.1400201  -1.23108272 -0.68716125 -2.18521553  0.42554555  1.99677547 1.28423005]
[ 0.40632532 -1.00469903 -0.46477173 -2.14897204  0.19680981  2.55483668 1.77057756]
[ 0.67159759 -1.21453271 -0.72815962 -2.55201698 -0.10477643  2.91953399 1.7639213 ]
[ 0.86321559 -1.12374524 -0.99810027 -2.31442175 -0.01893254  2.82242314 1.78489288]
[ 1.00392161 -1.2429213  -0.9361989  -2.23078399 -0.17849776  2.68137006 1.78454273]
[ 0.92206253 -1.31430336 -0.55763781 -2.70742044 -0.19696027  2.82153897 1.76417261]
[ 0.7901111  -1.56662102 -0.30640735 -2.94213791 -0.1726037   2.84251202 1.84912692]
[ 1.20897991 -1.2334977  -0.67725141 -2.55140511 -0.32063442  2.70398471 1.78189202]
[ 1.02530144 -1.7288115  -0.96832168 -2.33508772 -0.24017645  2.54200222 1.75914021]
[ 0.8649398  -1.7366571  -1.19564478 -2.30392599  0.00888661  2.50595925 1.76544898]
[ 0.67174496 -1.72833552 -1.34025725 -2.33295941  0.10921745  2.58611458 1.73827095]
[ 0.68735783 -1.72958051 -1.2421585  -2.36729374  0.11029468  2.58684795 1.74136185]
[ 0.68360242 -1.7362291  -0.71014459 -2.50446462  0.5077166   2.52547692 1.60841724]
[ 0.53452018 -1.74417801 -1.01900539 -2.6878501   0.27752281  2.56652353 1.49780734]
[ 1.01353127 -1.46009349 -0.68832125 -2.54057457  0.63517727  2.27257564 1.01874193]
[ 1.39846317 -1.06587702 -1.20710009 -1.9792421   0.74680429  2.26776362 1.2760772 ]
[ 1.88524195 -0.79530398 -1.37912277 -1.9994567   0.76618392  2.42499257 1.34958687]
[ 1.31151254 -0.93027995 -0.843133   -2.36245743  0.77338292  2.38058692 1.35397017]
[ 0.8698052  -1.52686891 -0.90217527 -2.83997682  0.51097903  2.38534919 1.23118958]
[ 0.8698052  -1.52687916 -0.90217464 -2.8400073   0.51097589  2.38533957 1.23119395]
[ 0.63763474 -1.68982387 -1.33593884 -2.66953999  0.25543911  2.39428772 1.15774685]
[ 0.75540307 -1.71321725 -0.85924939 -3.03953954  0.3026431   2.3409156 1.16163777]
[ 1.03566965 -1.18884094 -0.48037554 -2.85572301  0.63615612  2.42867968 1.24697482]
[ 0.92745091 -1.30676647 -0.50519665 -2.8839022   0.71702646  2.44874415 1.14611189]
[-0.94142181  0.33959671 -0.34334862 -2.50336729 -0.05635217  2.85542574 2.02960104]
[-0.94142181  0.33960729 -0.34334862 -2.50336448 -0.05635127  2.85542568 2.02959992]
