[-0.9414246   0.3396045  -0.34334899 -2.50336651 -0.05635537  2.8554234  2.02960205]
[-0.96391604  0.35244408 -0.33691251 -2.72957645 -0.05782148  3.38685249  1.98222171]
[-1.11451381  0.37955976 -0.33994551 -2.39623469  0.97380995  2.55386436  1.97680961]
[-1.0966132   0.49711541 -0.39619602 -2.1849756   0.64658726  2.2708649  2.47930418]
[-1.07015103  0.53270464 -0.32220171 -2.08388939  0.28374562  2.21870567  2.46907647]
[-1.0181524   0.46690834 -0.23825504 -2.18661242 -0.14204059  2.33644152  2.22794567]
[-1.04249432  0.38550641 -0.17679626 -2.35081118 -0.52934455  2.54450446  2.04324685]
[-1.12682665  0.32637493 -0.19204001 -2.48563208 -0.0402699   2.81750759  2.34261473]
[-1.17566233  0.32271444 -0.16445106 -2.48883451  0.39810714  2.81551597  2.28895303]
[-1.13526425  0.31690899 -0.11339053 -2.66027591  0.37411029  3.21839948  2.29025801]
[-1.24838427  0.35284346 -0.16983553 -2.40867892  0.66298008  2.63776057  2.86474682]
[-1.25253489  0.71506944 -0.1349474  -1.75868814  0.10383768  1.86326679  2.80110742]
[-1.38111184  0.54323845 -0.30855485 -2.20357654  1.04410701  2.08447311  2.86346287]
[-1.13777938  0.56096304  0.07339202 -2.09750117 -0.74602237  2.09540738  2.07602689]
[-1.33212744  0.31165947 -0.03731447 -2.5090052  -1.35113982  2.88192463  0.96921018]
